0 0.554534 0.403799 0.283088 0.145833
1 0.509804 0.119485 0.125000 0.185049
0 0.939338 0.149510 0.094363 0.178922
0 0.242647 0.618873 0.406863 0.252451
0 0.943627 0.484069 0.088235 0.071078
0 0.917892 0.337010 0.142157 0.098039
0 0.139093 0.132966 0.121324 0.158088
1 0.329044 0.172794 0.234069 0.166667
0 0.661152 0.092525 0.047794 0.064951
0 0.798407 0.471201 0.116422 0.096814
0 0.636029 0.542892 0.161765 0.127451
0 0.197304 0.271446 0.235294 0.064951
0 0.796569 0.257966 0.166667 0.214461
0 0.674632 0.737745 0.339461 0.129902
0 0.861520 0.613358 0.247549 0.162990
0 0.425858 0.263480 0.126225 0.058824
0 0.305760 0.321691 0.158088 0.057598
0 0.859681 0.063725 0.180147 0.125000
0 0.653186 0.191176 0.129902 0.125000
0 0.254902 0.420343 0.198529 0.137255